0 692
0 1502
0 1991
0 715
0 1023
0 2316
47 0
47 171
47 30
47 469
47 2340
47 1913
239 138
239 141
239 166
239 2071
239 1641
239 2119
479 0
479 460
479 168
479 2220
479 1620
479 1271
606 405
606 1944
606 1344
606 2379
606 1447
606 719
653 606
653 445
653 1682
653 1140
653 1747
653 131
654 15
654 1500
654 1493
654 2279
654 2423
654 2316
654 15
654 1500
654 1493
654 2279
654 2423
654 2316
758 653
758 455
758 606
758 1289
758 2063
758 1951
758 653
758 455
758 606
758 1289
758 2063
758 1951
940 215
940 210
940 1215
940 890
940 1336
940 1615
973 758
973 255
973 1731
973 1106
973 730
973 1356
